3

9 9
3
4 3
4 4
4 5
3 1

15 15
76
8 1
3 12
10 10
0 8
12 12
12 12
12 6
2 10
3 14
5 9
10 9
6 0
13 1
5 14
0 14
0 1
7 10
5 9
5 5
2 2
9 6
6 13
12 1
8 8
0 5
2 2
0 9
9 5
10 14
11 2
5 11
3 12
6 8
6 11
5 0
5 6
7 12
11 4
13 12
12 5
2 7
7 9
1 8
14 3
7 10
12 13
6 1
2 4
1 1
7 14
1 13
5 8
2 2
5 7
6 9
12 8
1 11
3 9
4 2
4 3
13 2
8 11
10 11
1 3
4 0
2 5
5 0
6 7
9 3
6 0
12 3
8 6
6 11
7 10
6 12
6 11
10 2

15 15
40
5 3
7 6
2 2
9 2
4 3
11 4
8 1
11 14
3 9
0 7
4 9
6 1
2 12
3 12
2 9
6 7
4 5
6 7
7 0
1 3
11 5
14 4
6 10
10 1
12 11
8 8
12 0
9 14
4 4
11 13
14 9
6 10
14 4
2 13
11 11
1 7
1 1
12 7
3 7
8 7
20 4

