3

9 9
3
4 3
4 4
4 5
3 1

15 15
71
1 8
13 14
11 10
6 11
14 5
12 11
11 7
10 5
0 4
10 9
14 6
4 7
1 10
10 8
9 10
14 2
4 13
1 7
0 7
3 0
4 7
3 8
14 13
5 14
3 0
9 9
13 5
1 7
7 4
7 1
14 7
3 10
12 11
9 12
3 13
4 0
5 7
0 12
6 5
3 1
13 4
10 3
9 3
10 2
14 3
3 14
2 14
1 14
10 11
11 6
1 1
13 13
8 13
10 6
10 6
7 0
10 9
4 5
13 14
14 12
9 9
3 11
8 12
2 11
8 6
2 9
14 7
7 14
5 10
6 7
1 13
40 8

15 15
90
6 0
5 10
8 9
9 0
8 0
13 13
7 2
10 6
1 3
1 2
7 9
4 14
14 11
10 13
4 8
8 2
8 13
4 1
14 13
9 14
5 14
12 4
2 0
10 3
3 3
5 10
12 10
1 12
13 11
2 9
4 10
11 4
0 7
13 14
12 7
13 2
6 3
6 8
3 8
4 6
12 9
8 9
11 9
13 9
12 7
10 2
2 13
13 9
5 11
0 2
3 6
4 2
9 2
2 4
3 6
2 7
1 10
8 4
11 7
6 8
6 1
10 1
0 1
10 5
12 11
0 8
2 11
10 3
6 4
7 9
11 9
8 4
4 1
8 0
0 14
8 7
1 11
8 1
12 3
13 1
6 5
9 8
2 11
11 8
1 10
2 4
4 10
8 0
3 1
7 4
20 4
