3

4 4
4
1 1
1 2
2 1
2 2
1 1

10 10
52
4 5
8 0
7 8
7 6
8 5
1 6
8 4
2 2
0 6
3 8
8 8
2 6
6 5
5 5
5 9
5 0
4 5
2 4
3 9
2 3
4 3
0 5
7 4
9 7
1 4
7 1
3 9
9 1
4 4
8 2
3 3
4 9
8 6
5 3
5 7
7 1
0 9
8 0
3 8
9 4
4 7
7 7
8 6
1 5
0 9
7 5
3 3
5 3
9 2
7 4
0 4
7 2
100 20

15 15
87
14 14
12 7
7 5
9 1
3 14
9 6
11 10
1 8
4 4
3 14
9 12
3 10
3 3
1 2
3 12
3 2
11 0
2 10
5 11
4 0
10 13
6 13
0 8
6 4
4 9
10 13
13 14
0 2
9 1
4 12
13 7
6 1
8 8
12 5
11 1
6 13
6 4
11 13
12 2
9 8
4 4
6 2
10 6
4 4
0 1
8 13
8 0
7 8
0 11
6 12
12 12
10 10
1 7
0 6
1 9
14 5
13 13
0 1
11 4
5 11
5 14
2 6
6 1
6 13
12 12
10 1
1 13
11 3
12 11
1 5
12 7
3 2
5 3
3 9
14 9
12 12
0 14
3 13
0 1
11 4
14 14
5 0
12 1
10 1
4 11
6 8
11 9
50 10

